0064929|4,49
6451336|3,49
6305536|27,99
6498855|19,98
6458587|48,99
5157920|61,99
6496918|3,49
6497259|29,99
0060805|44,99
6162978|35,99
6531052|16,99
6527081|21,99
5205448|59,99
0018119|3,39
6524170|89,99
6495438|43,99
0017206|2
6465917|19,99
0017205|2,13
6105852|113,99
6457758|,69
6506276|44,99
0414600|65,99
6408199|41,99
0041428|33,99
6528022|38,99
6529726|7,97
6460576|2,19
0562744|1,59
6503157|33,99
6528586|21,99
0014466|12,99
6490039|3,99
6005953|19,99
6529885|48,98
6512053|2,19
0447870|8
6487775|62,99
0041257|14,99
0064246|6,29
6530476|4,89
0018201|4,69
0029272|10,99
6395610|68,99
6480710|109,99
0004698|19,9
0522528|2,99
6531440|19,99
6277719|29,99
6493426|7,19
6472391|99,98
6410468|89,99
0041534|5,99
6524853|4,89
6485030|39,99
6455388|84,99
6348718|2,99
0063434|54,99
6519093|56,99
6498877|16,99
6227813|6,99
5260286|48,99
6482108|26
0004724|4,49
5208772|5,98
6501179|26,99
6460340|59,99
0004541|39,99
6519899|49,99
0458174|7,19
0041542|13,99
0004344|38,99
6190292|13,99
0004901|12,99
5260278|35,99
6472345|3,99
6467682|4,99
6100309|47,75
6513228|1,49
5184569|7,89
6454413|109,99
6526766|64,99
6521183|6,59
6495719|8,99
5207980|5,99
6520885|7,99
0004304|21,99
6528896|29,99
5155205|81,99
6505259|47,99
6529241|69,99
0064500|11,99
5068382|169,99
6514343|126,99
6510617|6,99
0027060|24
6520179|43,99
5226683|9,99
0016049|5,99
5074000|6,99
0041540|6,99
0432401|62,99
6266936|7,99
6527583|3,59
6503618|,8
5110838|9,59
6502526|7,19
5263892|56,99
5278155|14,49
0060814|66,99
6510010|5,69
6493554|21
6493546|6,29
0041435|6,59
6498673|39,99
6494678|2,79
0041320|6,29
6519037|49,99
6458390|46,99
0004301|29,99
5180971|59,99
6522495|5,99
0607200|7,99
6521624|12,99
0041546|6,99
6514862|6,49
5287156|26,98
0041274|69,99
0004660|17,9
5208780|5,98
6505486|56,99
0041431|12,99
6522099|27,99
0043122|6,99
6524145|2,98
0511252|9,99
5155124|20
6528661|39,99
0027953|6,49
6496139|4,98
6449492|4,89
6502539|5,19
6487570|,46
6464990|13,59
6513436|5,99
6473039|3,69
6531299|5,59
5079876|2,99
4931432|78,99
6408942|115,99
6467177|4,99
6512725|6,49
5092119|105,98
5259403|89,98
6520572|49,99
5167572|29,99
6434237|4,59
0004302|23,99
6527808|3,99
6523784|2,98
6526765|139,99
5168760|35,99
0518357|3,99
6528337|18,99
6520450|1,89
0004524|61,99
0004500|39,99
0573154|14,99
0627992|7,59
6526675|1,29
6512496|3,99
6502093|72,99
0041667|76,99
6512799|3,39
6525815|,8
5185988|21,99
6515364|19,99
6528030|65,99
0701466|55,99
6484367|2,98
5205422|66,99
0041780|49,99
6028971|45,99
0065182|49,99
6509408|2,39
6524758|39,99
6473289|45,99
0041296|56,99
0062394|22
6528021|36,99
6518179|10,98
6314496|43,99
6505395|8,99
0064858|6,99
6506363|43,99
6029409|48,99
6500648|,46
6522491|2,69
0004299|7,99
6277479|2,69
0004393|10,49
6162986|53,99
6526330|16,99
5169883|39,99
6524370|39,99
6520675|59,99
6469639|25,99
6531538|29,99
5290853|72,99
6493291|3,59
0030023|12
6477946|6,99
6522343|5,49
6531297|10,99
0041239|5,4
0042740|11,99
0065188|38,98
6504511|8,88
6401921|,98
6489600|3,99
6456641|83,99
6493479|99,98
6452584|9,99
6476771|21
6250195|14,88
0042391|5
5290572|11,88
0041900|85,99
0027755|3,59
6528174|4,99
6496198|105,99
6523082|8,58
5123492|44,99
6492143|,59
6501362|51,99
0030171|6,99
6454479|9,59
6486564|2,98
6506025|79,99
6408462|119,99
6190318|6,99
6517517|13,99
6512655|49,99
6480913|49,99
6409999|11,99
6412381|1,98
0041268|2,59
6503158|1,88
0041295|56,99
6506362|58,99
0693465|10,89
6037485|17,99
6465218|4,49
6285290|25,99
0041582|8,58
5114517|11,99
6518178|5,98
0478396|7,99
6474975|8,99
6507447|2,79
6495125|6,99
6531523|1,09
6318042|54,99
6519310|1,1
0463737|15,99
6522098|89,99
6408421|55,99
0017195|28
6495146|10,49
6529895|3,98
0022105|12,88
6485795|3,19
6466111|129,99
6502548|2,98
6412142|3,39
5204417|29,99
0014481|13,99
5208426|45,99
6504399|2,38
0650481|32,99
6501150|76,99
6487084|10,99
6531445|1,98
6527718|87,99
6515623|,99
5228630|5,49
6523080|1,99
5202106|59,99
6406599|37,99
6022743|3,49
6492046|25,99
0004512|59,99
0449405|33,99
6509538|36,99
6527999|,29
0704676|15,88
6518343|58,99
6266530|5,88
0041538|5,59
6454477|8,98
0041260|3,48
0042238|4,38
5260138|163,98
6522801|5,49
0442707|10,99
6523786|1,99
6447673|,69
6531247|32,99
6493109|125,99
0027904|14,99
6526651|72,99
5228366|25,99
6460732|57,99
0041206|21,99
6521931|2,19
0683888|4,79
6105878|129,99
6528945|,29
6520365|3,29
6506424|57,99
6488611|21
0004513|54,98
5205455|59,99
6528655|7
5260229|74,99
0004391|22,99
5092077|53,99
0044240|82,99
6523891|22,99
6527020|23,99
6527318|29,99
6528425|4,89
0041541|43,99
6500646|,46
0065183|55,99
0041554|48,98
6522093|43,99
5276084|44,99
6503631|1,59
6527415|5,39
6497059|77,99
6506284|92,99
6475123|21
0004313|48,99
6530420|68,98
0041256|38,99
6505886|4,19
6502500|1,88
6477822|149,99
0004727|6,99
6459728|79,97
6484713|25,99
6454541|119,99
0041470|169,99
0065190|59,99
6520575|52,99
6408306|31,99
6520695|,99
5193214|4,99
6253595|7,29
0004347|4,39
0043080|24,99
6519311|,8
0030403|4,69
0041432|11,99
6509130|4,49
0452573|6,69
6456935|35,99
6485794|3,19
0041267|2,59
4936241|25,99
6520444|,69
0041581|34,99
0004557|65,49
6511302|2,19
0060812|7,99
0006090|9,49
6527545|5,98
5110804|69,99
6475366|17,47
6529243|39,99
6524173|29,99
6528861|29,99
6502350|4,59
6409395|11,99
0045030|5,89
0042095|28,99
6457982|2,69
6312813|2,49
6153290|38,99
6522498|4,49
6045637|59,98
6285282|23,99
6529619|4,98
6519038|23,9
6524175|37,99
6527582|1,89
6510687|5,59
0417568|18,99
6478877|17,47
6528946|,69
5155132|1,3
0447912|55,99
6492053|74,99
0004365|8,99
5170642|48,98
6511304|2,19
6059893|14,99
0005005|25,99
0041242|39,99
6459743|109,99
5117601|65,99
0041022|39,99
6497929|4,69
0004726|8,99
0041543|24,99
6499655|3,99
6453483|57,99
6093603|54,99
6498842|3,19
6520987|74,99
6457150|39,99
0041241|39,99
6496188|12,99
0682799|3,59
6500587|169,99
0004504|47,99
5260104|3,59
0004505|55,99
6527584|15,88
6487765|69,99
6520577|56,99
6514445|6,49
6508378|109,99
6493105|275,99
0426171|4,69
6487776|62,99
5112990|55,99
0569012|5,19
6517115|12,99
0041442|59,99
6041347|8,99
6266985|4,99
6527412|2,79
0020545|2,99
6480693|29,98
6527033|8,98
6505675|4,39
0427112|16,99
6460577|2,19
6473292|7,99
6524334|8,48
0004303|23,99
6506283|47,99
0041237|4,19
0004320|29,99
6513266|2,59
6494680|2,79
6484246|26
6497930|4,69
6484077|7,89
6470105|69,99
6478042|79,99
0029710|12,99
6393029|50,99
6528919|19,99
0014896|6,89
6531249|32,99
0041709|49,99
64333869|60,99
6520574|29,99
6502546|6,98
6482690|46,99
6209183|42,99
0065187|36,99
6531251|28,99
6515621|,9
6457759|,69
0004322|10,99
6487083|10,99
6531296|8,58
0478297|109,99
5155134|1,3
6531201|13,88
0004321|14,88
6527827|19,99
6521479|17,49
0694125|5,19
6514306|45,99
0651559|8,58
5117585|9,98
0626752|1,99
6510009|5,69
6515754|22,98
6520451|1,89
6529890|12,99
6508652|58,99
6523099|14,49
6493677|3,19
6185268|3,98
0017208|2
6502547|2,98
6241764|1,29
0042132|35,99
6528423|5,89
6493107|145,99
6514429|4,89
6498308|3,99
6408272|49,99
6008189|15,99
0065184|47,99
0436170|6,99
6487756|28,99
5126396|1,9
6506522|18,98
6527414|4,29
0042377|22,99
5155072|114,99
0011403|12,99
5060207|53,99
6495150|49,99
0611210|13,99
0022503|4,69
6472813|5,99
6500742|78,98
6497287|14,88
6408207|78,98
0062124|66,99
6508030|21,99
6070601|41,99
6526319|38,99
6524142|2,98
6474294|21
6504396|2,59
6035273|7,99
0450585|11,59
0014631|6,99
0065189|99,98
6524166|139,99
0041353|51,99
0041393|62,99
6482842|36,99
6524179|34,99
6509945|69,99
0021060|4,49
0041294|51,99
6475124|21
6520123|5,98
6382014|18,99
0017203|2
0004532|64,99
0065186|52,99
5163308|9,98
6512657|59,99
6499145|5,99
6522496|4,49
6172183|65,99
5159892|19,99
5190988|59,99
6513891|7,29
6408165|27,99
6218663|45,99
0415737|13,99
6493111|169,99
6520180|8,99
6376149|16,99
6388482|,99
6517443|21,99
0016022|6,99
0004397|11,98
6447737|58,98
6524513|69,99
6408322|69,99
6527500|7,29
0004514|36,9
6522136|5,49
6408173|27,99
6504788|5,79
6498731|9,99
6490067|17,97
6527976|3,59
6527747|26,99
6517113|21,99
0041856|29,99
6513171|66,99
5266069|32,99
6531292|10,99
0042078|6,49
6505640|3,99
6322747|15,88
0004300|28,99
6145361|55,99
0644658|6,49
0041535|15,99
6520446|,69
6509207|3,99
5136890|27,99
6520573|29,99
0004314|35,99
0020705|14,99
5260328|34,99
6529730|49,99
0062362|23
0004676|24,99
6408215|69,99
0630020|18,99
6508837|13,59
6451994|57,99
0064960|11,99
6496937|,59
0060892|37,99
6512884|,69
6470662|19,99
6513222|5,49
6531521|,98
0004725|13,99
0041539|4,49
6514641|20
6474033|2,98
6488918|59,99
0060813|7,59
6482018|10,99
6524176|34,99
6074090|7,49
0430520|10,99
6520185|18,99
6520754|19,99
6477790|57,99
0004376|36,77
6529898|2,29
0042743|149,99
6524143|2,98
6491432|5,99
0031831|72,99
0032268|19,98
0004544|27,99
6527413|3,49
6530396|10,99
6256796|4,89
6475864|31,99
0005623|10,98
6451672|159,99
0040039|1,39
6509205|3,99
6521100|6,99
5155130|1,3
6504814|58,98
0018206|8,98
0004358|8,48
6488612|21
6520840|15,99
5074604|7,59
6493113|105,99
6485931|36,98
6320287|10,99
6515622|,85
5296892|13,99
0004518|49,99
0004319|10,99
6520696|,69
5142385|12,99
6467348|49,99
6451675|62,99
6458710|4,99
6509206|3,99
6518226|6,99
0016048|3,88
6021869|49,99
5287149|26,99
0511238|14,99
5260380|57,98
6405807|42,99
0005342|4,49
6519491|85,99
5263397|45,99
0042048|29,99
6421796|59,99
6492049|32,99
0422634|5,89
6517280|19,99
0600361|17,79
6476226|69,99
0652590|7,99
0004535|15,99
6499568|4,49
6485967|129,99
0020563|,99
6500647|,44
0015166|12,88
6500599|45,99
6493290|1,98
6509404|1,98
6502823|26,99
6494592|55,99
6512712|25,99
6489844|5,99
6529889|12,99
5189402|78,98
6526645|49,99
6136337|26,99
6521930|2,19
0063624|6,99
6525265|1,98
6408181|41,99
5155123|20
5114509|9,59
6508402|62,99
6488625|26,99
5209655|4,98
0041676|31,99
6506277|47,99
6146534|69,99
0004332|53,99
6523785|2,98
6524171|41,99
6447113|91,99
6305544|19,88
6492144|,59
0041493|10,99
0065181|39,99
6524174|59,99
5092069|64,99
6528203|34,99
6526767|93,99
0064340|3,29
6505320|29,99
6458586|48,99
0005756|14,49
0041276|27,99
0041999|8,99
6294805|4,79
6520445|,69
6447256|3,39
6408298|39,99
6338024|51,99
6529886|105,99
6408231|39,99
6531230|54,99
6528491|4,99
0427369|14,98
6408223|33,99
6493670|5,19
6497056|129,99
6378970|74,98
6410005|11,49
6504393|4,49
5165485|4,69
0065185|49,99
0034611|5,98
0449397|49,99
6523787|1,99
6520753|18,99
6521518|7,49
0427062|10,88
5141619|44,99
0017024|6,49
0427138|19,99
5151253|16,99
0004670|9,9
6499257|2,98
6436968|1,99
6507357|69,99
6510008|2,19
6498219|5,19
0022178|5,99
6514602|5,99
5285473|30
6484712|25,99
6375117|4,99
0041641|12,88
5128236|5,19
6486048|3,99
6495152|36,99
6516110|13,99
6488624|13,99
6408256|49,98
6451168|11,99
6495964|275,99
0004364|11,99
6525260|,49
6455719|49,99
6182372|27,98
6500645|,44
0042442|4,19
6497672|39,99
5260245|54,99
6531246|23,99
6511303|2,19
6378442|6,99
0571430|69,99
0442699|22,99
0041400|73,99
6474088|2,59
0042046|13,99
6525258|,49
0044321|8,99
6508648|79,99
0041238|5,4
0038729|14,99
6375141|8,88
0004352|39,9
6454593|23,99
0445726|54,99
0041433|27,99
6100291|58,99
6529244|39,99
6520429|32,99
6497054|104,99
6527740|36,99
6372362|1,3
6478775|6,89
6509665|45,99
5288816|2,19
5170261|69,99
6474976|16,99
6495151|48,98
6285233|73,99
6482395|19,99
0004510|59,9
0041681|88,98
6478026|109,99
0691865|5,99
6531450|24,99
6487569|,46
6489843|2,99
6496724|9,98
0015131|4,89
6477820|129,99
0441287|1,59
0065180|59,99
6508647|98,98
6482120|8,99
0005003|23,99
0064499|7,59
0061091|3,98
6509400|,46
6493110|125,99
6512801|1,89
0650796|2,99
5233283|2,29
5119995|3,59
6529891|12,99
0041666|89,98
6363618|2,69
0004310|52,99
5155125|20
0041229|27,99
6502176|6,98
6494062|7,99
0041491|7,99
0004308|55,99
6520578|32,99
6465270|49,98
0004516|16,99
0042106|46,99
6508838|47,99
6504403|2,38
0004659|17,9
6484189|8,58
0414442|38,98
0041544|4,99
0449280|12,99
6484957|4,89
0004307|56,99
6415608|55,99
6162994|39,99
6322754|47,99
6502986|6,98
6479367|3,99
6296503|5,98
0459115|3,29
0004351|34,99
0031443|11,99
0436352|4,29
6369961|52,99
0415422|23
0004309|43,99
6524975|34,99
6486203|3,99
0041359|97,99
0016794|5,69
6417851|39,99
0032318|12,99
6462139|45,99
0041348|54,99
6512580|3,89
6504443|1,69
6529888|12,99
6478593|62,99
6504389|4,49
6454485|7,99
0004317|25,99
0041770|28,98
6503721|34,99
6531049|4,89
0006098|14,49
5155131|1,3
6521905|4,59
0004501|24,9
0528505|4,69
6515620|,85
6516982|11,99
6409718|79,99
6320261|10,99
6504324|55,99
6518489|19,99
0417543|21,99
6331136|32,99
6525259|,49
0030007|24
6409981|11,99
0042558|17,99
4933198|47,99
5155133|1,3
0649269|34,99
0041590|104,99
6527057|21
6529223|7,59
0004200|44,98
6181507|11,59
6514035|4,49
0004521|39,99
6447679|3,49
6485404|5,19
6504457|2,99
0041360|6,99
6524182|45,99
6483080|109,99
6318695|5,99
6505885|7,99
5110796|6,99
5289590|21,99
6466883|32,99
6531298|5,59
4933180|138,98
5107586|12,99
6526046|59,99
6520985|73,99
0564559|69,99
6509911|69,99
6498848|1,49
6531446|1,98
0463745|11,88
6378889|41,99
6524253|6,59
6462671|49,99
0042076|5,29
0041555|69,99
6506275|39,99
6496140|6,98
6531053|11,99
6487202|16,99
6531248|23,99
6506281|63,99
6312722|6,5
5187406|29,99
6491240|22,99
6457428|22,99
5199138|23,99
6512976|4,99
6516062|137,49
6526040|6,49
6511771|7,49
6261697|4,79
6526690|129,99
6517218|68,98
6505283|29,99
6518335|3,49
6091334|6,49
6512915|14,99
6513769|2,18
6529084|115,99
0041644|5,89
6511636|10,99
6474012|6,99
6525542|23,99
6504433|45,99
6524699|8,9
6526358|18,99
6476835|59,99
6525641|12,99
6522787|13,99
6355432|10,99
6466339|29,99
0577510|10,99
6511437|16,99
6481400|4,99
6494488|14,99
6457484|6,69
6527325|2,99
6510103|12,29
6516100|39,99
6514826|14,99
